IBSPNorth IBSPNorth01
2.50
11
3
Type of measurement (0=app.resistivity,1=resistance)
1
582
2
0
4 5.00 0.00 7.50 0.00 2.50 0.00 0.00 0.00 3.14932
4 10.00 0.00 12.50 0.00 2.50 0.00 0.00 0.00 0.279795
4 7.50 0.00 10.00 0.00 5.00 0.00 2.50 0.00 3.47985
4 10.00 0.00 15.00 0.00 5.00 0.00 0.00 0.00 1.52159
4 10.00 0.00 12.50 0.00 7.50 0.00 5.00 0.00 2.5903
4 15.00 0.00 17.50 0.00 2.50 0.00 0.00 0.00 0.0682209
4 12.50 0.00 15.00 0.00 5.00 0.00 2.50 0.00 0.320329
4 12.50 0.00 17.50 0.00 7.50 0.00 2.50 0.00 1.50356
4 20.00 0.00 22.50 0.00 2.50 0.00 0.00 0.00 0.0270865
4 12.50 0.00 15.00 0.00 10.00 0.00 7.50 0.00 3.08864
4 17.50 0.00 20.00 0.00 5.00 0.00 2.50 0.00 0.0694835
4 15.00 0.00 22.50 0.00 7.50 0.00 0.00 0.00 0.841936
4 15.00 0.00 17.50 0.00 7.50 0.00 5.00 0.00 0.268653
4 15.00 0.00 20.00 0.00 10.00 0.00 5.00 0.00 1.38953
4 20.00 0.00 25.00 0.00 5.00 0.00 0.00 0.00 0.120559
4 20.00 0.00 22.50 0.00 7.50 0.00 5.00 0.00 0.0690793
4 15.00 0.00 17.50 0.00 12.50 0.00 10.00 0.00 2.65382
4 22.50 0.00 25.00 0.00 5.00 0.00 2.50 0.00 0.0303263
4 17.50 0.00 20.00 0.00 10.00 0.00 7.50 0.00 0.271254
4 17.50 0.00 25.00 0.00 10.00 0.00 2.50 0.00 0.864263
4 22.50 0.00 27.50 0.00 7.50 0.00 2.50 0.00 0.120308
4 17.50 0.00 22.50 0.00 12.50 0.00 7.50 0.00 1.35129
4 22.50 0.00 25.00 0.00 10.00 0.00 7.50 0.00 0.0795921
4 20.00 0.00 27.50 0.00 12.50 0.00 5.00 0.00 0.874859
4 20.00 0.00 22.50 0.00 12.50 0.00 10.00 0.00 0.269003
4 17.50 0.00 20.00 0.00 15.00 0.00 12.50 0.00 2.75901
4 25.00 0.00 27.50 0.00 7.50 0.00 5.00 0.00 0.0261463
4 25.00 0.00 30.00 0.00 10.00 0.00 5.00 0.00 0.111933
4 20.00 0.00 25.00 0.00 15.00 0.00 10.00 0.00 1.48526
4 30.00 0.00 35.00 0.00 5.00 0.00 0.00 0.00 0.024405
4 30.00 0.00 37.50 0.00 7.50 0.00 0.00 0.00 0.056072
4 20.00 0.00 22.50 0.00 17.50 0.00 15.00 0.00 2.95788
4 27.50 0.00 30.00 0.00 10.00 0.00 7.50 0.00 0.0259602
4 22.50 0.00 30.00 0.00 15.00 0.00 7.50 0.00 0.924378
4 22.50 0.00 25.00 0.00 15.00 0.00 12.50 0.00 0.322913
4 25.00 0.00 27.50 0.00 12.50 0.00 10.00 0.00 0.0685942
4 22.50 0.00 27.50 0.00 17.50 0.00 12.50 0.00 1.56755
4 32.50 0.00 37.50 0.00 7.50 0.00 2.50 0.00 0.0234007
4 27.50 0.00 32.50 0.00 12.50 0.00 7.50 0.00 0.101348
4 30.00 0.00 32.50 0.00 12.50 0.00 10.00 0.00 0.0210891
4 27.50 0.00 30.00 0.00 15.00 0.00 12.50 0.00 0.068957
4 25.00 0.00 32.50 0.00 17.50 0.00 10.00 0.00 0.821455
4 25.00 0.00 27.50 0.00 17.50 0.00 15.00 0.00 0.273983
4 22.50 0.00 25.00 0.00 20.00 0.00 17.50 0.00 3.70422
4 32.50 0.00 40.00 0.00 10.00 0.00 2.50 0.00 0.054104
4 40.00 0.00 45.00 0.00 5.00 0.00 0.00 0.00 0.00878468
4 30.00 0.00 35.00 0.00 15.00 0.00 10.00 0.00 0.092486
4 35.00 0.00 40.00 0.00 10.00 0.00 5.00 0.00 0.0226873
4 25.00 0.00 30.00 0.00 20.00 0.00 15.00 0.00 1.40179
4 27.50 0.00 35.00 0.00 20.00 0.00 12.50 0.00 0.757707
4 27.50 0.00 30.00 0.00 20.00 0.00 17.50 0.00 0.261841
4 35.00 0.00 42.50 0.00 12.50 0.00 5.00 0.00 0.0513147
4 25.00 0.00 27.50 0.00 22.50 0.00 20.00 0.00 4.27684
4 32.50 0.00 35.00 0.00 15.00 0.00 12.50 0.00 0.0214273
4 30.00 0.00 32.50 0.00 17.50 0.00 15.00 0.00 0.056878
4 37.50 0.00 42.50 0.00 12.50 0.00 7.50 0.00 0.0210228
4 27.50 0.00 32.50 0.00 22.50 0.00 17.50 0.00 1.43619
4 42.50 0.00 47.50 0.00 7.50 0.00 2.50 0.00 0.00828189
4 32.50 0.00 37.50 0.00 17.50 0.00 12.50 0.00 0.0896276
4 45.00 0.00 52.50 0.00 7.50 0.00 0.00 0.00 0.0132293
4 35.00 0.00 37.50 0.00 17.50 0.00 15.00 0.00 0.0211184
4 27.50 0.00 30.00 0.00 25.00 0.00 22.50 0.00 5.23365
4 32.50 0.00 35.00 0.00 20.00 0.00 17.50 0.00 0.0535014
4 30.00 0.00 37.50 0.00 22.50 0.00 15.00 0.00 0.722878
4 30.00 0.00 32.50 0.00 22.50 0.00 20.00 0.00 0.252272
4 37.50 0.00 45.00 0.00 15.00 0.00 7.50 0.00 0.0499885
4 35.00 0.00 40.00 0.00 20.00 0.00 15.00 0.00 0.0863995
4 30.00 0.00 35.00 0.00 25.00 0.00 20.00 0.00 1.50926
4 45.00 0.00 50.00 0.00 10.00 0.00 5.00 0.00 0.00785181
4 40.00 0.00 45.00 0.00 15.00 0.00 10.00 0.00 0.020777
4 40.00 0.00 47.50 0.00 17.50 0.00 10.00 0.00 0.0476414
4 30.00 0.00 32.50 0.00 27.50 0.00 25.00 0.00 5.62005
4 37.50 0.00 40.00 0.00 20.00 0.00 17.50 0.00 0.0193016
4 32.50 0.00 35.00 0.00 25.00 0.00 22.50 0.00 0.279357
4 35.00 0.00 37.50 0.00 22.50 0.00 20.00 0.00 0.0598387
4 32.50 0.00 40.00 0.00 25.00 0.00 17.50 0.00 0.783057
4 47.50 0.00 55.00 0.00 10.00 0.00 2.50 0.00 0.0133828
4 47.50 0.00 52.50 0.00 12.50 0.00 7.50 0.00 0.00842065
4 42.50 0.00 47.50 0.00 17.50 0.00 12.50 0.00 0.0205505
4 32.50 0.00 37.50 0.00 27.50 0.00 22.50 0.00 1.6135
4 37.50 0.00 42.50 0.00 22.50 0.00 17.50 0.00 0.0851393
4 42.50 0.00 50.00 0.00 20.00 0.00 12.50 0.00 0.0467838
4 50.00 0.00 57.50 0.00 12.50 0.00 5.00 0.00 0.0131958
4 32.50 0.00 35.00 0.00 30.00 0.00 27.50 0.00 5.07534
4 35.00 0.00 37.50 0.00 27.50 0.00 25.00 0.00 0.309906
4 40.00 0.00 42.50 0.00 22.50 0.00 20.00 0.00 0.0199146
4 37.50 0.00 40.00 0.00 25.00 0.00 22.50 0.00 0.0656616
4 35.00 0.00 42.50 0.00 27.50 0.00 20.00 0.00 0.848313
4 40.00 0.00 45.00 0.00 25.00 0.00 20.00 0.00 0.0930089
4 45.00 0.00 50.00 0.00 20.00 0.00 15.00 0.00 0.0190008
4 35.00 0.00 40.00 0.00 30.00 0.00 25.00 0.00 1.63368
4 50.00 0.00 55.00 0.00 15.00 0.00 10.00 0.00 0.00864408
4 60.00 0.00 67.50 0.00 7.50 0.00 0.00 0.00 0.00512845
4 42.50 0.00 45.00 0.00 25.00 0.00 22.50 0.00 0.0237041
4 37.50 0.00 40.00 0.00 30.00 0.00 27.50 0.00 0.293944
4 45.00 0.00 52.50 0.00 22.50 0.00 15.00 0.00 0.0471644
4 52.50 0.00 60.00 0.00 15.00 0.00 7.50 0.00 0.0139492
4 40.00 0.00 42.50 0.00 27.50 0.00 25.00 0.00 0.0638231
4 35.00 0.00 37.50 0.00 32.50 0.00 30.00 0.00 5.1779
4 37.50 0.00 45.00 0.00 30.00 0.00 22.50 0.00 0.839058
4 42.50 0.00 47.50 0.00 27.50 0.00 22.50 0.00 0.101245
4 52.50 0.00 57.50 0.00 17.50 0.00 12.50 0.00 0.00745457
4 37.50 0.00 42.50 0.00 32.50 0.00 27.50 0.00 1.50828
4 47.50 0.00 52.50 0.00 22.50 0.00 17.50 0.00 0.020373
4 47.50 0.00 55.00 0.00 25.00 0.00 17.50 0.00 0.0526027
4 40.00 0.00 47.50 0.00 32.50 0.00 25.00 0.00 0.782698
4 40.00 0.00 42.50 0.00 32.50 0.00 30.00 0.00 0.254986
4 55.00 0.00 62.50 0.00 17.50 0.00 10.00 0.00 0.0123846
4 62.50 0.00 70.00 0.00 10.00 0.00 2.50 0.00 0.00540704
4 45.00 0.00 47.50 0.00 27.50 0.00 25.00 0.00 0.0234561
4 42.50 0.00 45.00 0.00 30.00 0.00 27.50 0.00 0.0662069
4 37.50 0.00 40.00 0.00 35.00 0.00 32.50 0.00 4.72743
4 45.00 0.00 50.00 0.00 30.00 0.00 25.00 0.00 0.0979298
4 40.00 0.00 45.00 0.00 35.00 0.00 30.00 0.00 1.35035
4 55.00 0.00 60.00 0.00 20.00 0.00 15.00 0.00 0.00662894
4 50.00 0.00 55.00 0.00 25.00 0.00 20.00 0.00 0.0243933
4 65.00 0.00 72.50 0.00 12.50 0.00 5.00 0.00 0.00558087
4 45.00 0.00 47.50 0.00 32.50 0.00 30.00 0.00 0.0593415
4 50.00 0.00 57.50 0.00 27.50 0.00 20.00 0.00 0.0577502
4 57.50 0.00 65.00 0.00 20.00 0.00 12.50 0.00 0.0112235
4 47.50 0.00 50.00 0.00 30.00 0.00 27.50 0.00 0.0224652
4 42.50 0.00 45.00 0.00 35.00 0.00 32.50 0.00 0.259634
4 42.50 0.00 50.00 0.00 35.00 0.00 27.50 0.00 0.763721
4 40.00 0.00 42.50 0.00 37.50 0.00 35.00 0.00 4.27689
4 52.50 0.00 57.50 0.00 27.50 0.00 22.50 0.00 0.025326
4 57.50 0.00 62.50 0.00 22.50 0.00 17.50 0.00 0.00707429
4 47.50 0.00 52.50 0.00 32.50 0.00 27.50 0.00 0.0951079
4 42.50 0.00 47.50 0.00 37.50 0.00 32.50 0.00 1.42741
4 47.50 0.00 50.00 0.00 35.00 0.00 32.50 0.00 0.0559716
4 50.00 0.00 52.50 0.00 32.50 0.00 30.00 0.00 0.023244
4 45.00 0.00 52.50 0.00 37.50 0.00 30.00 0.00 0.748774
4 60.00 0.00 67.50 0.00 22.50 0.00 15.00 0.00 0.0108657
4 42.50 0.00 45.00 0.00 40.00 0.00 37.50 0.00 3.75353
4 52.50 0.00 60.00 0.00 30.00 0.00 22.50 0.00 0.0606109
4 67.50 0.00 75.00 0.00 15.00 0.00 7.50 0.00 0.00610251
4 45.00 0.00 47.50 0.00 37.50 0.00 35.00 0.00 0.256993
4 55.00 0.00 60.00 0.00 30.00 0.00 25.00 0.00 0.0232996
4 60.00 0.00 65.00 0.00 25.00 0.00 20.00 0.00 0.00784571
4 50.00 0.00 55.00 0.00 35.00 0.00 30.00 0.00 0.100786
4 45.00 0.00 50.00 0.00 40.00 0.00 35.00 0.00 1.24598
4 47.50 0.00 55.00 0.00 40.00 0.00 32.50 0.00 0.721674
4 70.00 0.00 77.50 0.00 17.50 0.00 10.00 0.00 0.00580871
4 45.00 0.00 47.50 0.00 42.50 0.00 40.00 0.00 3.7067
4 55.00 0.00 62.50 0.00 32.50 0.00 25.00 0.00 0.0546711
4 52.50 0.00 55.00 0.00 35.00 0.00 32.50 0.00 0.0249101
4 47.50 0.00 50.00 0.00 40.00 0.00 37.50 0.00 0.215444
4 50.00 0.00 52.50 0.00 37.50 0.00 35.00 0.00 0.0640973
4 62.50 0.00 70.00 0.00 25.00 0.00 17.50 0.00 0.0122176
4 57.50 0.00 62.50 0.00 32.50 0.00 27.50 0.00 0.0219989
4 52.50 0.00 57.50 0.00 37.50 0.00 32.50 0.00 0.104422
4 62.50 0.00 67.50 0.00 27.50 0.00 22.50 0.00 0.00854356
4 47.50 0.00 52.50 0.00 42.50 0.00 37.50 0.00 1.14609
4 50.00 0.00 52.50 0.00 42.50 0.00 40.00 0.00 0.229161
4 65.00 0.00 72.50 0.00 27.50 0.00 20.00 0.00 0.0136659
4 57.50 0.00 65.00 0.00 35.00 0.00 27.50 0.00 0.0514011
4 52.50 0.00 55.00 0.00 40.00 0.00 37.50 0.00 0.0651379
4 50.00 0.00 57.50 0.00 42.50 0.00 35.00 0.00 0.740298
4 47.50 0.00 50.00 0.00 45.00 0.00 42.50 0.00 3.10047
4 72.50 0.00 80.00 0.00 20.00 0.00 12.50 0.00 0.00551812
4 55.00 0.00 57.50 0.00 37.50 0.00 35.00 0.00 0.0227473
4 50.00 0.00 55.00 0.00 45.00 0.00 40.00 0.00 1.26576
4 60.00 0.00 65.00 0.00 35.00 0.00 30.00 0.00 0.0211491
4 55.00 0.00 60.00 0.00 40.00 0.00 35.00 0.00 0.0921968
4 65.00 0.00 70.00 0.00 30.00 0.00 25.00 0.00 0.00870647
4 52.50 0.00 55.00 0.00 45.00 0.00 42.50 0.00 0.268404
4 60.00 0.00 67.50 0.00 37.50 0.00 30.00 0.00 0.0510226
4 55.00 0.00 57.50 0.00 42.50 0.00 40.00 0.00 0.0552649
4 52.50 0.00 60.00 0.00 45.00 0.00 37.50 0.00 0.760238
4 75.00 0.00 82.50 0.00 22.50 0.00 15.00 0.00 0.00508506
4 50.00 0.00 52.50 0.00 47.50 0.00 45.00 0.00 3.08525
4 67.50 0.00 75.00 0.00 30.00 0.00 22.50 0.00 0.0152239
4 57.50 0.00 60.00 0.00 40.00 0.00 37.50 0.00 0.020673
4 52.50 0.00 57.50 0.00 47.50 0.00 42.50 0.00 1.30974
4 62.50 0.00 67.50 0.00 37.50 0.00 32.50 0.00 0.0221904
4 57.50 0.00 62.50 0.00 42.50 0.00 37.50 0.00 0.0857422
4 67.50 0.00 72.50 0.00 32.50 0.00 27.50 0.00 0.00872479
4 55.00 0.00 57.50 0.00 47.50 0.00 45.00 0.00 0.21895
4 60.00 0.00 62.50 0.00 42.50 0.00 40.00 0.00 0.0196176
4 62.50 0.00 70.00 0.00 40.00 0.00 32.50 0.00 0.0520518
4 77.50 0.00 85.00 0.00 25.00 0.00 17.50 0.00 0.00503243
4 70.00 0.00 77.50 0.00 32.50 0.00 25.00 0.00 0.0150062
4 52.50 0.00 55.00 0.00 50.00 0.00 47.50 0.00 4.60751
4 57.50 0.00 60.00 0.00 45.00 0.00 42.50 0.00 0.0560385
4 55.00 0.00 62.50 0.00 47.50 0.00 40.00 0.00 0.675154
4 60.00 0.00 65.00 0.00 45.00 0.00 40.00 0.00 0.0864678
4 70.00 0.00 75.00 0.00 35.00 0.00 30.00 0.00 0.0090478
4 65.00 0.00 70.00 0.00 40.00 0.00 35.00 0.00 0.0224684
4 55.00 0.00 60.00 0.00 50.00 0.00 45.00 0.00 1.1229
4 57.50 0.00 65.00 0.00 50.00 0.00 42.50 0.00 0.645763
4 62.50 0.00 65.00 0.00 45.00 0.00 42.50 0.00 0.0210972
4 55.00 0.00 57.50 0.00 52.50 0.00 50.00 0.00 5.24922
4 80.00 0.00 87.50 0.00 27.50 0.00 20.00 0.00 0.00548351
4 65.00 0.00 72.50 0.00 42.50 0.00 35.00 0.00 0.0529808
4 57.50 0.00 60.00 0.00 50.00 0.00 47.50 0.00 0.20594
4 72.50 0.00 80.00 0.00 35.00 0.00 27.50 0.00 0.0142611
4 60.00 0.00 62.50 0.00 47.50 0.00 45.00 0.00 0.0523068
4 72.50 0.00 77.50 0.00 37.50 0.00 32.50 0.00 0.00968573
4 67.50 0.00 72.50 0.00 42.50 0.00 37.50 0.00 0.0226011
4 57.50 0.00 62.50 0.00 52.50 0.00 47.50 0.00 1.12826
4 62.50 0.00 67.50 0.00 47.50 0.00 42.50 0.00 0.0879209
4 75.00 0.00 82.50 0.00 37.50 0.00 30.00 0.00 0.013313
4 57.50 0.00 60.00 0.00 55.00 0.00 52.50 0.00 3.9735
4 82.50 0.00 90.00 0.00 30.00 0.00 22.50 0.00 0.00593888
4 62.50 0.00 65.00 0.00 50.00 0.00 47.50 0.00 0.0524332
4 60.00 0.00 62.50 0.00 52.50 0.00 50.00 0.00 0.215977
4 67.50 0.00 75.00 0.00 45.00 0.00 37.50 0.00 0.0565572
4 60.00 0.00 67.50 0.00 52.50 0.00 45.00 0.00 0.661467
4 65.00 0.00 67.50 0.00 47.50 0.00 45.00 0.00 0.0205877
4 65.00 0.00 70.00 0.00 50.00 0.00 45.00 0.00 0.0886756
4 60.00 0.00 65.00 0.00 55.00 0.00 50.00 0.00 1.21056
4 75.00 0.00 80.00 0.00 40.00 0.00 35.00 0.00 0.00866644
4 70.00 0.00 75.00 0.00 45.00 0.00 40.00 0.00 0.0245044
4 77.50 0.00 85.00 0.00 40.00 0.00 32.50 0.00 0.0123096
4 67.50 0.00 70.00 0.00 50.00 0.00 47.50 0.00 0.0216972
4 62.50 0.00 65.00 0.00 55.00 0.00 52.50 0.00 0.246608
4 60.00 0.00 62.50 0.00 57.50 0.00 55.00 0.00 2.51877
4 65.00 0.00 67.50 0.00 52.50 0.00 50.00 0.00 0.0578066
4 70.00 0.00 77.50 0.00 47.50 0.00 40.00 0.00 0.0579829
4 85.00 0.00 92.50 0.00 32.50 0.00 25.00 0.00 0.00595795
4 62.50 0.00 70.00 0.00 55.00 0.00 47.50 0.00 0.740371
4 67.50 0.00 72.50 0.00 52.50 0.00 47.50 0.00 0.0985562
4 62.50 0.00 67.50 0.00 57.50 0.00 52.50 0.00 1.16299
4 77.50 0.00 82.50 0.00 42.50 0.00 37.50 0.00 0.00768684
4 72.50 0.00 77.50 0.00 47.50 0.00 42.50 0.00 0.0256719
4 65.00 0.00 67.50 0.00 57.50 0.00 55.00 0.00 0.220621
4 72.50 0.00 80.00 0.00 50.00 0.00 42.50 0.00 0.0571973
4 70.00 0.00 72.50 0.00 52.50 0.00 50.00 0.00 0.0243884
4 80.00 0.00 87.50 0.00 42.50 0.00 35.00 0.00 0.0125586
4 67.50 0.00 70.00 0.00 55.00 0.00 52.50 0.00 0.0695513
4 65.00 0.00 72.50 0.00 57.50 0.00 50.00 0.00 0.74904
4 87.50 0.00 95.00 0.00 35.00 0.00 27.50 0.00 0.00569134
4 62.50 0.00 65.00 0.00 60.00 0.00 57.50 0.00 2.3519
4 70.00 0.00 75.00 0.00 55.00 0.00 50.00 0.00 0.115712
4 75.00 0.00 80.00 0.00 50.00 0.00 45.00 0.00 0.0227477
4 80.00 0.00 85.00 0.00 45.00 0.00 40.00 0.00 0.00787713
4 65.00 0.00 70.00 0.00 60.00 0.00 55.00 0.00 1.09025
4 72.50 0.00 75.00 0.00 55.00 0.00 52.50 0.00 0.0304603
4 70.00 0.00 72.50 0.00 57.50 0.00 55.00 0.00 0.0643316
4 67.50 0.00 70.00 0.00 60.00 0.00 57.50 0.00 0.22074
4 90.00 0.00 97.50 0.00 37.50 0.00 30.00 0.00 0.00524564
4 82.50 0.00 90.00 0.00 45.00 0.00 37.50 0.00 0.0129683
4 75.00 0.00 82.50 0.00 52.50 0.00 45.00 0.00 0.0552462
4 67.50 0.00 75.00 0.00 60.00 0.00 52.50 0.00 0.764372
4 65.00 0.00 67.50 0.00 62.50 0.00 60.00 0.00 2.29224
4 82.50 0.00 87.50 0.00 47.50 0.00 42.50 0.00 0.00825603
4 72.50 0.00 77.50 0.00 57.50 0.00 52.50 0.00 0.120189
4 77.50 0.00 82.50 0.00 52.50 0.00 47.50 0.00 0.0220633
4 67.50 0.00 72.50 0.00 62.50 0.00 57.50 0.00 1.05809
4 85.00 0.00 92.50 0.00 47.50 0.00 40.00 0.00 0.0134183
4 72.50 0.00 75.00 0.00 60.00 0.00 57.50 0.00 0.0684484
4 75.00 0.00 77.50 0.00 57.50 0.00 55.00 0.00 0.0267683
4 70.00 0.00 77.50 0.00 62.50 0.00 55.00 0.00 0.735408
4 92.50 0.00 100.00 0.00 40.00 0.00 32.50 0.00 0.00519053
4 67.50 0.00 70.00 0.00 65.00 0.00 62.50 0.00 2.59429
4 77.50 0.00 85.00 0.00 55.00 0.00 47.50 0.00 0.0557755
4 70.00 0.00 72.50 0.00 62.50 0.00 60.00 0.00 0.206111
4 85.00 0.00 90.00 0.00 50.00 0.00 45.00 0.00 0.00871178
4 80.00 0.00 85.00 0.00 55.00 0.00 50.00 0.00 0.0249633
4 75.00 0.00 80.00 0.00 60.00 0.00 55.00 0.00 0.103953
4 70.00 0.00 75.00 0.00 65.00 0.00 60.00 0.00 1.07957
4 72.50 0.00 80.00 0.00 65.00 0.00 57.50 0.00 0.737231
4 70.00 0.00 72.50 0.00 67.50 0.00 65.00 0.00 2.20751
4 87.50 0.00 95.00 0.00 50.00 0.00 42.50 0.00 0.0130071
4 80.00 0.00 87.50 0.00 57.50 0.00 50.00 0.00 0.0595061
4 77.50 0.00 80.00 0.00 60.00 0.00 57.50 0.00 0.0218883
4 72.50 0.00 75.00 0.00 65.00 0.00 62.50 0.00 0.232401
4 75.00 0.00 77.50 0.00 62.50 0.00 60.00 0.00 0.0621303
4 82.50 0.00 87.50 0.00 57.50 0.00 52.50 0.00 0.0259383
4 77.50 0.00 82.50 0.00 62.50 0.00 57.50 0.00 0.0919444
4 72.50 0.00 77.50 0.00 67.50 0.00 62.50 0.00 1.13082
4 87.50 0.00 92.50 0.00 52.50 0.00 47.50 0.00 0.00887433
4 75.00 0.00 77.50 0.00 67.50 0.00 65.00 0.00 0.221162
4 82.50 0.00 90.00 0.00 60.00 0.00 52.50 0.00 0.0610278
4 90.00 0.00 97.50 0.00 52.50 0.00 45.00 0.00 0.0123603
4 77.50 0.00 80.00 0.00 65.00 0.00 62.50 0.00 0.0536739
4 75.00 0.00 82.50 0.00 67.50 0.00 60.00 0.00 0.689814
4 72.50 0.00 75.00 0.00 70.00 0.00 67.50 0.00 2.37064
4 80.00 0.00 82.50 0.00 62.50 0.00 60.00 0.00 0.0222316
4 75.00 0.00 80.00 0.00 70.00 0.00 65.00 0.00 1.09238
4 85.00 0.00 90.00 0.00 60.00 0.00 55.00 0.00 0.0267917
4 80.00 0.00 85.00 0.00 65.00 0.00 60.00 0.00 0.0940508
4 90.00 0.00 95.00 0.00 55.00 0.00 50.00 0.00 0.00923964
4 77.50 0.00 80.00 0.00 70.00 0.00 67.50 0.00 0.198741
4 85.00 0.00 92.50 0.00 62.50 0.00 55.00 0.00 0.0605113
4 80.00 0.00 82.50 0.00 67.50 0.00 65.00 0.00 0.0573439
4 77.50 0.00 85.00 0.00 70.00 0.00 62.50 0.00 0.664582
4 92.50 0.00 100.00 0.00 55.00 0.00 47.50 0.00 0.013196
4 75.00 0.00 77.50 0.00 72.50 0.00 70.00 0.00 2.35197
4 82.50 0.00 85.00 0.00 65.00 0.00 62.50 0.00 0.0221632
4 77.50 0.00 82.50 0.00 72.50 0.00 67.50 0.00 1.04551
4 87.50 0.00 92.50 0.00 62.50 0.00 57.50 0.00 0.0252935
4 82.50 0.00 87.50 0.00 67.50 0.00 62.50 0.00 0.0984397
4 92.50 0.00 97.50 0.00 57.50 0.00 52.50 0.00 0.00899006
4 80.00 0.00 82.50 0.00 72.50 0.00 70.00 0.00 0.229513
4 87.50 0.00 95.00 0.00 65.00 0.00 57.50 0.00 0.0588515
4 85.00 0.00 87.50 0.00 67.50 0.00 65.00 0.00 0.0250134
4 77.50 0.00 80.00 0.00 75.00 0.00 72.50 0.00 1.89749
4 82.50 0.00 85.00 0.00 70.00 0.00 67.50 0.00 0.0606746
4 80.00 0.00 87.50 0.00 72.50 0.00 65.00 0.00 0.742918
4 95.00 0.00 102.50 0.00 57.50 0.00 50.00 0.00 0.0138466
4 85.00 0.00 90.00 0.00 70.00 0.00 65.00 0.00 0.112167
4 95.00 0.00 100.00 0.00 60.00 0.00 55.00 0.00 0.00845439
4 90.00 0.00 95.00 0.00 65.00 0.00 60.00 0.00 0.0235749
4 80.00 0.00 85.00 0.00 75.00 0.00 70.00 0.00 1.20849
4 82.50 0.00 90.00 0.00 75.00 0.00 67.50 0.00 0.848935
4 87.50 0.00 90.00 0.00 70.00 0.00 67.50 0.00 0.0280103
4 80.00 0.00 82.50 0.00 77.50 0.00 75.00 0.00 1.77836
4 90.00 0.00 97.50 0.00 67.50 0.00 60.00 0.00 0.0552181
4 82.50 0.00 85.00 0.00 75.00 0.00 72.50 0.00 0.256688
4 85.00 0.00 87.50 0.00 72.50 0.00 70.00 0.00 0.0718968
4 97.50 0.00 105.00 0.00 60.00 0.00 52.50 0.00 0.0141149
4 92.50 0.00 97.50 0.00 67.50 0.00 62.50 0.00 0.0231188
4 82.50 0.00 87.50 0.00 77.50 0.00 72.50 0.00 1.20904
4 87.50 0.00 92.50 0.00 72.50 0.00 67.50 0.00 0.117813
4 97.50 0.00 102.50 0.00 62.50 0.00 57.50 0.00 0.00874689
4 82.50 0.00 85.00 0.00 80.00 0.00 77.50 0.00 1.76313
4 87.50 0.00 90.00 0.00 75.00 0.00 72.50 0.00 0.0855638
4 85.00 0.00 87.50 0.00 77.50 0.00 75.00 0.00 0.258518
4 92.50 0.00 100.00 0.00 70.00 0.00 62.50 0.00 0.0567175
4 85.00 0.00 92.50 0.00 77.50 0.00 70.00 0.00 0.891631
4 90.00 0.00 92.50 0.00 72.50 0.00 70.00 0.00 0.0268106
4 100.00 0.00 107.50 0.00 62.50 0.00 55.00 0.00 0.0135551
4 90.00 0.00 95.00 0.00 75.00 0.00 70.00 0.00 0.1214
4 85.00 0.00 90.00 0.00 80.00 0.00 75.00 0.00 1.14236
4 95.00 0.00 100.00 0.00 70.00 0.00 65.00 0.00 0.0241376
4 100.00 0.00 105.00 0.00 65.00 0.00 60.00 0.00 0.00880853
4 92.50 0.00 95.00 0.00 75.00 0.00 72.50 0.00 0.0296947
4 87.50 0.00 90.00 0.00 80.00 0.00 77.50 0.00 0.233502
4 85.00 0.00 87.50 0.00 82.50 0.00 80.00 0.00 1.54232
4 90.00 0.00 92.50 0.00 77.50 0.00 75.00 0.00 0.0720248
4 87.50 0.00 95.00 0.00 80.00 0.00 72.50 0.00 0.818509
4 102.50 0.00 110.00 0.00 65.00 0.00 57.50 0.00 0.013158
4 95.00 0.00 102.50 0.00 72.50 0.00 65.00 0.00 0.0602632
4 110.00 0.00 117.50 0.00 57.50 0.00 50.00 0.00 0.00593695
4 92.50 0.00 97.50 0.00 77.50 0.00 72.50 0.00 0.118
4 87.50 0.00 92.50 0.00 82.50 0.00 77.50 0.00 1.0833
4 102.50 0.00 107.50 0.00 67.50 0.00 62.50 0.00 0.00873701
4 97.50 0.00 102.50 0.00 72.50 0.00 67.50 0.00 0.0270394
4 90.00 0.00 92.50 0.00 82.50 0.00 80.00 0.00 0.212345
4 95.00 0.00 97.50 0.00 77.50 0.00 75.00 0.00 0.0264752
4 92.50 0.00 95.00 0.00 80.00 0.00 77.50 0.00 0.0595773
4 90.00 0.00 97.50 0.00 82.50 0.00 75.00 0.00 0.719821
4 87.50 0.00 90.00 0.00 85.00 0.00 82.50 0.00 1.56052
4 97.50 0.00 105.00 0.00 75.00 0.00 67.50 0.00 0.0683715
4 105.00 0.00 112.50 0.00 67.50 0.00 60.00 0.00 0.0128903
4 112.50 0.00 120.00 0.00 60.00 0.00 52.50 0.00 0.00609092
4 95.00 0.00 100.00 0.00 80.00 0.00 75.00 0.00 0.10379
4 90.00 0.00 95.00 0.00 85.00 0.00 80.00 0.00 0.965298
4 100.00 0.00 105.00 0.00 75.00 0.00 70.00 0.00 0.0300561
4 105.00 0.00 110.00 0.00 70.00 0.00 65.00 0.00 0.0088405
4 97.50 0.00 100.00 0.00 80.00 0.00 77.50 0.00 0.0235836
4 95.00 0.00 97.50 0.00 82.50 0.00 80.00 0.00 0.0579569
4 92.50 0.00 95.00 0.00 85.00 0.00 82.50 0.00 0.193253
4 92.50 0.00 100.00 0.00 85.00 0.00 77.50 0.00 0.665613
4 90.00 0.00 92.50 0.00 87.50 0.00 85.00 0.00 1.83211
4 100.00 0.00 107.50 0.00 77.50 0.00 70.00 0.00 0.0694758
4 115.00 0.00 122.50 0.00 62.50 0.00 55.00 0.00 0.00561081
4 107.50 0.00 115.00 0.00 70.00 0.00 62.50 0.00 0.013589
4 92.50 0.00 97.50 0.00 87.50 0.00 82.50 0.00 1.07379
4 107.50 0.00 112.50 0.00 72.50 0.00 67.50 0.00 0.00922048
4 97.50 0.00 102.50 0.00 82.50 0.00 77.50 0.00 0.102403
4 102.50 0.00 107.50 0.00 77.50 0.00 72.50 0.00 0.0298353
4 97.50 0.00 100.00 0.00 85.00 0.00 82.50 0.00 0.0574884
4 92.50 0.00 95.00 0.00 90.00 0.00 87.50 0.00 1.82457
4 95.00 0.00 97.50 0.00 87.50 0.00 85.00 0.00 0.233287
4 100.00 0.00 102.50 0.00 82.50 0.00 80.00 0.00 0.0245475
4 95.00 0.00 102.50 0.00 87.50 0.00 80.00 0.00 0.742168
4 117.50 0.00 125.00 0.00 65.00 0.00 57.50 0.00 0.00547607
4 110.00 0.00 117.50 0.00 72.50 0.00 65.00 0.00 0.01448
4 102.50 0.00 110.00 0.00 80.00 0.00 72.50 0.00 0.064136
4 95.00 0.00 100.00 0.00 90.00 0.00 85.00 0.00 1.18541
4 110.00 0.00 115.00 0.00 75.00 0.00 70.00 0.00 0.0105333
4 105.00 0.00 110.00 0.00 80.00 0.00 75.00 0.00 0.025547
4 100.00 0.00 105.00 0.00 85.00 0.00 80.00 0.00 0.101358
4 95.00 0.00 97.50 0.00 92.50 0.00 90.00 0.00 1.65685
4 97.50 0.00 100.00 0.00 90.00 0.00 87.50 0.00 0.255932
4 97.50 0.00 105.00 0.00 90.00 0.00 82.50 0.00 0.831805
4 120.00 0.00 127.50 0.00 67.50 0.00 60.00 0.00 0.00532032
4 112.50 0.00 120.00 0.00 75.00 0.00 67.50 0.00 0.0163398
4 105.00 0.00 112.50 0.00 82.50 0.00 75.00 0.00 0.0587556
4 102.50 0.00 105.00 0.00 85.00 0.00 82.50 0.00 0.0236579
4 100.00 0.00 102.50 0.00 87.50 0.00 85.00 0.00 0.0721342
4 107.50 0.00 112.50 0.00 82.50 0.00 77.50 0.00 0.023675
4 102.50 0.00 107.50 0.00 87.50 0.00 82.50 0.00 0.110958
4 97.50 0.00 102.50 0.00 92.50 0.00 87.50 0.00 1.18781
4 112.50 0.00 117.50 0.00 77.50 0.00 72.50 0.00 0.0110936
4 97.50 0.00 100.00 0.00 95.00 0.00 92.50 0.00 1.61249
4 100.00 0.00 102.50 0.00 92.50 0.00 90.00 0.00 0.243821
4 107.50 0.00 115.00 0.00 85.00 0.00 77.50 0.00 0.0562446
4 122.50 0.00 130.00 0.00 70.00 0.00 62.50 0.00 0.00552933
4 115.00 0.00 122.50 0.00 77.50 0.00 70.00 0.00 0.0161574
4 102.50 0.00 105.00 0.00 90.00 0.00 87.50 0.00 0.0771477
4 100.00 0.00 107.50 0.00 92.50 0.00 85.00 0.00 0.838891
4 105.00 0.00 107.50 0.00 87.50 0.00 85.00 0.00 0.0275631
4 100.00 0.00 105.00 0.00 95.00 0.00 90.00 0.00 1.12232
4 110.00 0.00 115.00 0.00 85.00 0.00 80.00 0.00 0.0243228
4 105.00 0.00 110.00 0.00 90.00 0.00 85.00 0.00 0.119159
4 115.00 0.00 120.00 0.00 80.00 0.00 75.00 0.00 0.0098369
4 102.50 0.00 105.00 0.00 95.00 0.00 92.50 0.00 0.232072
4 110.00 0.00 117.50 0.00 87.50 0.00 80.00 0.00 0.0620105
4 105.00 0.00 107.50 0.00 92.50 0.00 90.00 0.00 0.0682249
4 102.50 0.00 110.00 0.00 95.00 0.00 87.50 0.00 0.795721
4 117.50 0.00 125.00 0.00 80.00 0.00 72.50 0.00 0.0151514
4 125.00 0.00 132.50 0.00 72.50 0.00 65.00 0.00 0.00570005
4 100.00 0.00 102.50 0.00 97.50 0.00 95.00 0.00 1.55406
4 107.50 0.00 110.00 0.00 90.00 0.00 87.50 0.00 0.0283253
4 102.50 0.00 107.50 0.00 97.50 0.00 92.50 0.00 1.07702
4 112.50 0.00 117.50 0.00 87.50 0.00 82.50 0.00 0.0275314
4 107.50 0.00 112.50 0.00 92.50 0.00 87.50 0.00 0.11415
4 117.50 0.00 122.50 0.00 82.50 0.00 77.50 0.00 0.00883
4 105.00 0.00 107.50 0.00 97.50 0.00 95.00 0.00 0.21798
4 112.50 0.00 120.00 0.00 90.00 0.00 82.50 0.00 0.0688135
4 110.00 0.00 112.50 0.00 92.50 0.00 90.00 0.00 0.0260146
4 127.50 0.00 135.00 0.00 75.00 0.00 67.50 0.00 0.00602986
4 120.00 0.00 127.50 0.00 82.50 0.00 75.00 0.00 0.0137696
4 102.50 0.00 105.00 0.00 100.00 0.00 97.50 0.00 1.79023
4 107.50 0.00 110.00 0.00 95.00 0.00 92.50 0.00 0.0635291
4 105.00 0.00 112.50 0.00 97.50 0.00 90.00 0.00 0.740378
4 110.00 0.00 115.00 0.00 95.00 0.00 90.00 0.00 0.110198
4 120.00 0.00 125.00 0.00 85.00 0.00 80.00 0.00 0.00839469
4 115.00 0.00 120.00 0.00 90.00 0.00 85.00 0.00 0.0303584
4 105.00 0.00 110.00 0.00 100.00 0.00 95.00 0.00 1.139
4 107.50 0.00 115.00 0.00 100.00 0.00 92.50 0.00 0.780056
4 112.50 0.00 115.00 0.00 95.00 0.00 92.50 0.00 0.0267211
4 130.00 0.00 137.50 0.00 77.50 0.00 70.00 0.00 0.00631836
4 105.00 0.00 107.50 0.00 102.50 0.00 100.00 0.00 1.88784
4 115.00 0.00 122.50 0.00 92.50 0.00 85.00 0.00 0.0676302
4 107.50 0.00 110.00 0.00 100.00 0.00 97.50 0.00 0.244876
4 122.50 0.00 130.00 0.00 85.00 0.00 77.50 0.00 0.0131065
4 110.00 0.00 112.50 0.00 97.50 0.00 95.00 0.00 0.0610023
4 112.50 0.00 117.50 0.00 97.50 0.00 92.50 0.00 0.108649
4 122.50 0.00 127.50 0.00 87.50 0.00 82.50 0.00 0.00940814
4 117.50 0.00 122.50 0.00 92.50 0.00 87.50 0.00 0.0283738
4 107.50 0.00 112.50 0.00 102.50 0.00 97.50 0.00 1.22341
4 125.00 0.00 132.50 0.00 87.50 0.00 80.00 0.00 0.0137963
4 112.50 0.00 115.00 0.00 100.00 0.00 97.50 0.00 0.0739022
4 107.50 0.00 110.00 0.00 105.00 0.00 102.50 0.00 1.91101
4 110.00 0.00 112.50 0.00 102.50 0.00 100.00 0.00 0.255868
4 117.50 0.00 125.00 0.00 95.00 0.00 87.50 0.00 0.0637421
4 110.00 0.00 117.50 0.00 102.50 0.00 95.00 0.00 0.833123
4 115.00 0.00 117.50 0.00 97.50 0.00 95.00 0.00 0.0246152
4 132.50 0.00 140.00 0.00 80.00 0.00 72.50 0.00 0.00607024
4 115.00 0.00 120.00 0.00 100.00 0.00 95.00 0.00 0.112189
4 110.00 0.00 115.00 0.00 105.00 0.00 100.00 0.00 1.24462
4 125.00 0.00 130.00 0.00 90.00 0.00 85.00 0.00 0.00995466
4 120.00 0.00 125.00 0.00 95.00 0.00 90.00 0.00 0.0248828
4 127.50 0.00 135.00 0.00 90.00 0.00 82.50 0.00 0.0142353
4 117.50 0.00 120.00 0.00 100.00 0.00 97.50 0.00 0.0279665
4 112.50 0.00 115.00 0.00 105.00 0.00 102.50 0.00 0.268663
4 110.00 0.00 112.50 0.00 107.50 0.00 105.00 0.00 1.85742
4 115.00 0.00 117.50 0.00 102.50 0.00 100.00 0.00 0.0738137
4 120.00 0.00 127.50 0.00 97.50 0.00 90.00 0.00 0.0571213
4 135.00 0.00 142.50 0.00 82.50 0.00 75.00 0.00 0.00567956
4 112.50 0.00 120.00 0.00 105.00 0.00 97.50 0.00 0.871299
4 117.50 0.00 122.50 0.00 102.50 0.00 97.50 0.00 0.114894
4 112.50 0.00 117.50 0.00 107.50 0.00 102.50 0.00 1.25598
4 127.50 0.00 132.50 0.00 92.50 0.00 87.50 0.00 0.00946015
4 122.50 0.00 127.50 0.00 97.50 0.00 92.50 0.00 0.0242424
4 120.00 0.00 122.50 0.00 102.50 0.00 100.00 0.00 0.0251748
4 115.00 0.00 117.50 0.00 107.50 0.00 105.00 0.00 0.243292
4 122.50 0.00 130.00 0.00 100.00 0.00 92.50 0.00 0.0577459
4 130.00 0.00 137.50 0.00 92.50 0.00 85.00 0.00 0.0147908
4 117.50 0.00 120.00 0.00 105.00 0.00 102.50 0.00 0.0725236
4 115.00 0.00 122.50 0.00 107.50 0.00 100.00 0.00 0.809023
4 137.50 0.00 145.00 0.00 85.00 0.00 77.50 0.00 0.00520157
4 112.50 0.00 115.00 0.00 110.00 0.00 107.50 0.00 2.21814
4 120.00 0.00 125.00 0.00 105.00 0.00 100.00 0.00 0.105856
4 125.00 0.00 130.00 0.00 100.00 0.00 95.00 0.00 0.0241151
4 130.00 0.00 135.00 0.00 95.00 0.00 90.00 0.00 0.00887977
4 115.00 0.00 120.00 0.00 110.00 0.00 105.00 0.00 1.21886
4 122.50 0.00 125.00 0.00 105.00 0.00 102.50 0.00 0.0251972
4 120.00 0.00 122.50 0.00 107.50 0.00 105.00 0.00 0.0595009
4 125.00 0.00 132.50 0.00 102.50 0.00 95.00 0.00 0.0588595
4 117.50 0.00 120.00 0.00 110.00 0.00 107.50 0.00 0.252667
4 140.00 0.00 147.50 0.00 87.50 0.00 80.00 0.00 0.00538937
4 132.50 0.00 140.00 0.00 95.00 0.00 87.50 0.00 0.0140676
4 117.50 0.00 125.00 0.00 110.00 0.00 102.50 0.00 0.778707
4 115.00 0.00 117.50 0.00 112.50 0.00 110.00 0.00 2.047
4 132.50 0.00 137.50 0.00 97.50 0.00 92.50 0.00 0.0083223
4 122.50 0.00 127.50 0.00 107.50 0.00 102.50 0.00 0.103063
4 127.50 0.00 132.50 0.00 102.50 0.00 97.50 0.00 0.0248701
4 117.50 0.00 122.50 0.00 112.50 0.00 107.50 0.00 1.17335
4 122.50 0.00 125.00 0.00 110.00 0.00 107.50 0.00 0.0619602
4 125.00 0.00 127.50 0.00 107.50 0.00 105.00 0.00 0.0237511
4 120.00 0.00 127.50 0.00 112.50 0.00 105.00 0.00 0.709064
4 142.50 0.00 150.00 0.00 90.00 0.00 82.50 0.00 0.00567857
4 117.50 0.00 120.00 0.00 115.00 0.00 112.50 0.00 2.72388
4 135.00 0.00 142.50 0.00 97.50 0.00 90.00 0.00 0.0130715
4 127.50 0.00 135.00 0.00 105.00 0.00 97.50 0.00 0.0576282
4 120.00 0.00 122.50 0.00 112.50 0.00 110.00 0.00 0.212788
4 125.00 0.00 130.00 0.00 110.00 0.00 105.00 0.00 0.0975265
4 135.00 0.00 140.00 0.00 100.00 0.00 95.00 0.00 0.00861634
4 130.00 0.00 135.00 0.00 105.00 0.00 100.00 0.00 0.0248349
4 120.00 0.00 125.00 0.00 115.00 0.00 110.00 0.00 1.19319
4 122.50 0.00 130.00 0.00 115.00 0.00 107.50 0.00 0.766085
4 120.00 0.00 122.50 0.00 117.50 0.00 115.00 0.00 2.79074
4 137.50 0.00 145.00 0.00 100.00 0.00 92.50 0.00 0.0126454
4 130.00 0.00 137.50 0.00 107.50 0.00 100.00 0.00 0.0568423
4 127.50 0.00 130.00 0.00 110.00 0.00 107.50 0.00 0.0217648
4 122.50 0.00 125.00 0.00 115.00 0.00 112.50 0.00 0.256415
4 125.00 0.00 127.50 0.00 112.50 0.00 110.00 0.00 0.0601237
4 132.50 0.00 137.50 0.00 107.50 0.00 102.50 0.00 0.0232615
4 127.50 0.00 132.50 0.00 112.50 0.00 107.50 0.00 0.0922792
4 122.50 0.00 127.50 0.00 117.50 0.00 112.50 0.00 1.38128
4 137.50 0.00 142.50 0.00 102.50 0.00 97.50 0.00 0.00869238
4 125.00 0.00 127.50 0.00 117.50 0.00 115.00 0.00 0.283231
4 132.50 0.00 140.00 0.00 110.00 0.00 102.50 0.00 0.05389
4 140.00 0.00 147.50 0.00 102.50 0.00 95.00 0.00 0.0128534
4 127.50 0.00 130.00 0.00 115.00 0.00 112.50 0.00 0.0619856
4 125.00 0.00 132.50 0.00 117.50 0.00 110.00 0.00 0.816608
4 122.50 0.00 125.00 0.00 120.00 0.00 117.50 0.00 3.27358
4 130.00 0.00 132.50 0.00 112.50 0.00 110.00 0.00 0.0221599
4 125.00 0.00 130.00 0.00 120.00 0.00 115.00 0.00 1.53015
4 135.00 0.00 140.00 0.00 110.00 0.00 105.00 0.00 0.0227438
4 130.00 0.00 135.00 0.00 115.00 0.00 110.00 0.00 0.0980995
4 140.00 0.00 145.00 0.00 105.00 0.00 100.00 0.00 0.00827461
4 127.50 0.00 130.00 0.00 120.00 0.00 117.50 0.00 0.29446
4 135.00 0.00 142.50 0.00 112.50 0.00 105.00 0.00 0.0515985
4 130.00 0.00 132.50 0.00 117.50 0.00 115.00 0.00 0.0696354
4 127.50 0.00 135.00 0.00 120.00 0.00 112.50 0.00 0.870806
4 142.50 0.00 150.00 0.00 105.00 0.00 97.50 0.00 0.0131114
4 125.00 0.00 127.50 0.00 122.50 0.00 120.00 0.00 2.99792
4 132.50 0.00 135.00 0.00 115.00 0.00 112.50 0.00 0.0231761
4 127.50 0.00 132.50 0.00 122.50 0.00 117.50 0.00 1.45136
4 137.50 0.00 142.50 0.00 112.50 0.00 107.50 0.00 0.0211895
4 132.50 0.00 137.50 0.00 117.50 0.00 112.50 0.00 0.102644
4 142.50 0.00 147.50 0.00 107.50 0.00 102.50 0.00 0.00818927
4 130.00 0.00 132.50 0.00 122.50 0.00 120.00 0.00 0.296954
4 137.50 0.00 145.00 0.00 115.00 0.00 107.50 0.00 0.0507995
4 135.00 0.00 137.50 0.00 117.50 0.00 115.00 0.00 0.0249152
4 127.50 0.00 130.00 0.00 125.00 0.00 122.50 0.00 3.16194
4 132.50 0.00 135.00 0.00 120.00 0.00 117.50 0.00 0.0740441
4 130.00 0.00 137.50 0.00 122.50 0.00 115.00 0.00 0.899496
4 135.00 0.00 140.00 0.00 120.00 0.00 115.00 0.00 0.111322
4 145.00 0.00 150.00 0.00 110.00 0.00 105.00 0.00 0.00811755
4 140.00 0.00 145.00 0.00 115.00 0.00 110.00 0.00 0.0208078
4 130.00 0.00 135.00 0.00 125.00 0.00 120.00 0.00 1.66801
4 132.50 0.00 140.00 0.00 125.00 0.00 117.50 0.00 0.964807
4 137.50 0.00 140.00 0.00 120.00 0.00 117.50 0.00 0.0263436
4 130.00 0.00 132.50 0.00 127.50 0.00 125.00 0.00 3.48952
4 140.00 0.00 147.50 0.00 117.50 0.00 110.00 0.00 0.0509809
4 132.50 0.00 135.00 0.00 125.00 0.00 122.50 0.00 0.33538
4 135.00 0.00 137.50 0.00 122.50 0.00 120.00 0.00 0.0718805
4 137.50 0.00 142.50 0.00 122.50 0.00 117.50 0.00 0.103528
4 142.50 0.00 147.50 0.00 117.50 0.00 112.50 0.00 0.0222295
4 132.50 0.00 137.50 0.00 127.50 0.00 122.50 0.00 1.80238
4 137.50 0.00 140.00 0.00 125.00 0.00 122.50 0.00 0.0798061
4 132.50 0.00 135.00 0.00 130.00 0.00 127.50 0.00 3.14605
4 135.00 0.00 137.50 0.00 127.50 0.00 125.00 0.00 0.379396
4 142.50 0.00 150.00 0.00 120.00 0.00 112.50 0.00 0.0540333
4 135.00 0.00 142.50 0.00 127.50 0.00 120.00 0.00 1.04015
4 140.00 0.00 142.50 0.00 122.50 0.00 120.00 0.00 0.0220547
4 140.00 0.00 145.00 0.00 125.00 0.00 120.00 0.00 0.10182
4 145.00 0.00 150.00 0.00 120.00 0.00 115.00 0.00 0.0237744
4 135.00 0.00 140.00 0.00 130.00 0.00 125.00 0.00 1.80763
4 142.50 0.00 145.00 0.00 125.00 0.00 122.50 0.00 0.0245595
4 137.50 0.00 140.00 0.00 130.00 0.00 127.50 0.00 0.342989
4 135.00 0.00 137.50 0.00 132.50 0.00 130.00 0.00 3.59314
4 140.00 0.00 142.50 0.00 127.50 0.00 125.00 0.00 0.0786859
4 137.50 0.00 145.00 0.00 130.00 0.00 122.50 0.00 0.996178
4 142.50 0.00 147.50 0.00 127.50 0.00 122.50 0.00 0.115017
4 137.50 0.00 142.50 0.00 132.50 0.00 127.50 0.00 1.77653
4 145.00 0.00 147.50 0.00 127.50 0.00 125.00 0.00 0.029317
4 140.00 0.00 142.50 0.00 132.50 0.00 130.00 0.00 0.342405
4 142.50 0.00 145.00 0.00 130.00 0.00 127.50 0.00 0.0739176
4 140.00 0.00 147.50 0.00 132.50 0.00 125.00 0.00 1.00813
4 137.50 0.00 140.00 0.00 135.00 0.00 132.50 0.00 2.95959
4 145.00 0.00 150.00 0.00 130.00 0.00 125.00 0.00 0.120936
4 140.00 0.00 145.00 0.00 135.00 0.00 130.00 0.00 1.61393
4 147.50 0.00 150.00 0.00 130.00 0.00 127.50 0.00 0.0270423
4 145.00 0.00 147.50 0.00 132.50 0.00 130.00 0.00 0.0917605
4 142.50 0.00 145.00 0.00 135.00 0.00 132.50 0.00 0.31636
4 142.50 0.00 150.00 0.00 135.00 0.00 127.50 0.00 1.01792
4 140.00 0.00 142.50 0.00 137.50 0.00 135.00 0.00 2.75718
4 142.50 0.00 147.50 0.00 137.50 0.00 132.50 0.00 1.67188
4 147.50 0.00 150.00 0.00 135.00 0.00 132.50 0.00 0.0861943
4 142.50 0.00 145.00 0.00 140.00 0.00 137.50 0.00 2.71367
4 145.00 0.00 147.50 0.00 137.50 0.00 135.00 0.00 0.378142
4 145.00 0.00 150.00 0.00 140.00 0.00 135.00 0.00 1.88877
4 145.00 0.00 147.50 0.00 142.50 0.00 140.00 0.00 2.93718
4 147.50 0.00 150.00 0.00 140.00 0.00 137.50 0.00 0.384879
4 147.50 0.00 150.00 0.00 145.00 0.00 142.50 0.00 2.74419
0
0
0
0
0
0
0
0
